src/data/south_america_2021.json
  h_da978aeed56e72 3737,3747,3757,3767,3777,3787,3797,3807,3817,3827,3837,3847,3857,3867,3877,3887,3897,3907,3917,3927,3937,3947,3957,3967,3977,3987,3997,4007,4017,4027,4037,4047,4057,4067,4077,4087,4097,4107,4117,4127,4137,4147,4157,4167,4177,4187,4197,4207,4217,4227,4237,4247,4257,4267,4277,4287,4297,4307,4317,4327,4337,4347,4357,4367,4377,4387,4397,4407,4417,4427,4437,4447,4457,4467,4477,4487,4497,4507,4517,4527,4537,4547,4557,4567,4577,4587,4597,4607,4617,4627,4637,4647,4657,4667,4677,4687,4697,4707,4717,4727,4737,4747,4757,4767,4777,4787,4797,4807,4817,4827,4837,4847,4857,4867,4877,4887,4897,4907,4917,4927,4937,4947,4957,4967,4977,4987,4997,5007,5017,5027,5037,5047,5057,5067,5077,5087,5097,5107,5117,5127,5137,5147,5157,5167,5177,5187,5197,5207,5217,5227,5237,5247,5257,5267,5277,5287,5297,5307,5317,5327,5337,5347,5357,5367,5377,5387,5397,5407,5417,5427,5437,5447,5457,5467,5477,5487,5497,5507,5517,5527,5537,5547,5557,5567,5577,5587,5597,5607,5617,5627,5637,5647,5657,5667,5677,5687,5697,5707,5717,5727,5737,5747,5757,5767,5777,5787,5797,5807,5817,5827,5837,5847,5857,5867,5877,5887,5897,5907,5917,5927,5937,5947,5957,5967,5977,5987,5997,6007,6017,6027,6037,6047,6057,6067,6077,6087,6097,6107,6117,6127,6137,6147,6157,6167,6177,6187,6197,6207,6217,6227,6237,6247,6257,6267,6277,6287,6297,6307,6317,6327,6337,6347,6357,6367,6377,6387,6397,6407,6417,6427,6437,6447,6457,6467,6477,6487,6497,6507,6517,6527,6537,6547,6557,6567,6577,6587,6597,6607,6617,6627,6637,6647,6657,6667,6677,6687,6697,6707,6717,6727,6737,6747,6757,6767,6777,6787,6797,6807,6817,6827,6837,6847,6857,6867,6877,6887,6897,6907,6917,6927,6937,6947,6957,6967,6977,6987,6997,7007,7017,7027,7037,7047,7057,7067,7077,7087,7097,7107,7117,7127,7137,7147,7157,7167,7177,7187,7197,7207,7217,7227,7237,7247,7257,7267,7277,7287,7297,7307,7317,7327,7337,7347,7357,7367,7377,7387,7397,7407,7417,7427,7437,7447,7457,44789,44799,44809,44819,44829,44839,44849,44859,44869,44879,44889,44899,44909,44919,44929,44939,44949,44959,44969,44979,44989,44999,45009,45019,45029,45039,45049,45059,45069,45079,45089,45099,45109,45119,45129,45139,45149,45159,45169,45179,45189,45199,45209,45219,45229,45239,45249,45259,45269,45279,45289,45299,45309,45319,45329,45339,45349,45359,45369,45379,45389,45399,45409,45419,45429,45439,45449,45459,45469,45479,45489,45499,45509,45519,45529,45539,45549,45559,45569,45579,45589,45599,45609,45619,45629,45639,45649,45659,45669,45679,45689,45699,45709,45719,45729,45739,45749,45759,45769,45779,45789,45799,45809,45819,45829,45839,45849,45859,45869,45879,45889,45899,45909,45919,45929,45939,45949,45959,45969,45979,45989,45999,46009,46019,46029,46039,46049,46059,46069,46079,46089,46099,46109,46119,46129,46139,46149,46159,46169,46179,46189,46199,46209,46219,46229,46239,46249,46259,46269,46279,46289,46299,46309,46319,46329,46339,46349,46359,46369,46379,46389,46399,46409,46419,46429,46439,46449,46459,46469,46479,46489,46499,46509,46519,46529,46539,46549,46559,46569,46579,46589,46599,46609,46619,46629,46639,46649,46659,46669,46679,46689,46699,46709,46719,46729,46739,46749,46759,46769,46779,46789,46799,46809,46819,46829,46839,46849,46859,46869,46879,46889,46899,46909,46919,46929,46939,46949,46959,46969,46979,46989,46999,47009,47019,47029,47039,47049,47059,47069,47079,47089,47099,47109,47119,47129,47139,47149,47159,47169,47179,47189,47199,47209,47219,47229,47239,47249,47259,47269,47279,47289,47299,47309,47319,47329,47339,47349,47359,47369,47379,47389,47399,47409,47419,47429,47439,47449,47459,47469,47479,47489,47499,47509,47519,47529,47539,47549,47559,47569,47579,47589,47599,47609,47619,47629,47639,47649,47659,47669,47679,47689,47699,47709,47719,47729,47739,47749,47759,47769,47779,47789,47799,47809,47819,47829,47839,47849,47859,47869,47879,47889,47899,47909,47919,47929,47939,47949,47959,47969,47979,47989,47999,48009,48019,48029,48039,48049,48059,48069,48079,48089,48099,48109,48119,48129,48139,48149,48159,48169,48179,48189,48199,48209,48219,48229,48239,48249,48259,48269,48279,48289,48299,48309,48319,48329,48339,48349,48359,48369,48379,48389,48399,48409,48419,48429,48439,48449,48459,48469,48479,48489,48499,48509
src/components/Details.jsx
  h_da978aeed56e72 24,35
---
{
  "schema_version": "authorship/3.0.0",
  "git_ai_version": "1.7.5",
  "base_commit_sha": "aa67c5fb3fc0576993f9c4d3bea931f4f1577f31",
  "prompts": {},
  "humans": {
    "h_da978aeed56e72": {
      "author": "Elson Otake <elsonotake@yahoo.com.br>"
    }
  }
}